
Gene : APOL1
Primary Tissue : None Selected	
Tissue subtype 1 : None Selected	
Histology : None Selected	
Histology subtype 1 : None Selected	

Sample Name	COSMIC Sample ID	Amino Acid	Nucleotide	Primary Tissue	Tissue subtype 1	Tissue subtype 2	Histology	Histology subtype 1	Histology subtype 2	Pubmed ID	studies	Mutation ID	Somatic Status	Sample Source	Zygosity	Chromosome NCBI36	Genome Start NCBI36	Genome Stop NCBI36	Chromosome GRCh37	Genome Start GRCh37	Genome Stop GRCh37	
B14C	1430412	 	 	breast	NS	NS	NS	NS	NS	17932254	 	 	 	Tumour Sample	 	 	 	 	 	 	 
BB10T	1235095	 	 	breast	NS	NS	carcinoma	ductal_carcinoma	NS	16959974	 	 	 	Tumour Sample	 	 	 	 	 	 	 
BB12T	1235096	 	 	breast	NS	NS	carcinoma	ductal_carcinoma	NS	16959974	 	 	 	Tumour Sample	 	 	 	 	 	 	 
BB12T	1430363	 	 	breast	NS	NS	carcinoma	ductal_carcinoma	NS	17932254	 	 	 	Tumour Sample	 	 	 	 	 	 	 
BB13T	1235097	 	 	breast	NS	NS	carcinoma	ductal_carcinoma	NS	16959974	 	 	 	Tumour Sample	 	 	 	 	 	 	 
BB13T	1430364	 	 	breast	NS	NS	carcinoma	ductal_carcinoma	NS	17932254	 	 	 	Tumour Sample	 	 	 	 	 	 	 
BB14T	1235098	 	 	breast	NS	NS	carcinoma	ductal_carcinoma	NS	16959974	 	 	 	Tumour Sample	 	 	 	 	 	 	 
BB14T	1430365	 	 	breast	NS	NS	carcinoma	ductal_carcinoma	NS	17932254	 	 	 	Tumour Sample	 	 	 	 	 	 	 
BB15T	1235099	 	 	breast	NS	NS	carcinoma	ductal_carcinoma	NS	16959974	 	 	 	Tumour Sample	 	 	 	 	 	 	 
BB15T	1430366	 	 	breast	NS	NS	carcinoma	ductal_carcinoma	NS	17932254	 	 	 	Tumour Sample	 	 	 	 	 	 	 
BB16T	1235100	 	 	breast	NS	NS	carcinoma	ductal_carcinoma	NS	16959974	 	 	 	Tumour Sample	 	 	 	 	 	 	 
BB16T	1430367	 	 	breast	NS	NS	carcinoma	ductal_carcinoma	NS	17932254	 	 	 	Tumour Sample	 	 	 	 	 	 	 
BB18T	1235101	 	 	breast	NS	NS	carcinoma	ductal_carcinoma	NS	16959974	 	 	 	Tumour Sample	 	 	 	 	 	 	 
BB18T	1430368	 	 	breast	NS	NS	carcinoma	ductal_carcinoma	NS	17932254	 	 	 	Tumour Sample	 	 	 	 	 	 	 
BB1T	1235088	 	 	breast	NS	NS	carcinoma	ductal_carcinoma	NS	16959974	 	 	 	Tumour Sample	 	 	 	 	 	 	 
BB20T	1235102	 	 	breast	NS	NS	carcinoma	ductal_carcinoma	NS	16959974	 	 	 	Tumour Sample	 	 	 	 	 	 	 
BB20T	1430369	 	 	breast	NS	NS	carcinoma	ductal_carcinoma	NS	17932254	 	 	 	Tumour Sample	 	 	 	 	 	 	 
BB21T	1235103	 	 	breast	NS	NS	carcinoma	ductal_carcinoma	NS	16959974	 	 	 	Tumour Sample	 	 	 	 	 	 	 
BB22T	1235104	 	 	breast	NS	NS	carcinoma	ductal_carcinoma	NS	16959974	 	 	 	Tumour Sample	 	 	 	 	 	 	 
BB22T	1430370	 	 	breast	NS	NS	carcinoma	ductal_carcinoma	NS	17932254	 	 	 	Tumour Sample	 	 	 	 	 	 	 
BB23T	1235105	 	 	breast	NS	NS	carcinoma	ductolobular_carcinoma	NS	16959974	 	 	 	Tumour Sample	 	 	 	 	 	 	 
BB24T	1235106	 	 	breast	NS	NS	carcinoma	ductal_carcinoma	NS	16959974	 	 	 	Tumour Sample	 	 	 	 	 	 	 
BB24T	1430371	 	 	breast	NS	NS	carcinoma	ductal_carcinoma	NS	17932254	 	 	 	Tumour Sample	 	 	 	 	 	 	 
BB27T	1235107	 	 	breast	NS	NS	carcinoma	ductal_carcinoma	NS	16959974	 	 	 	Tumour Sample	 	 	 	 	 	 	 
BB27T	1430372	 	 	breast	NS	NS	carcinoma	ductal_carcinoma	NS	17932254	 	 	 	Tumour Sample	 	 	 	 	 	 	 
BB28T	1235108	 	 	breast	NS	NS	carcinoma	ductal_carcinoma	NS	16959974	 	 	 	Tumour Sample	 	 	 	 	 	 	 
BB29T	1235109	 	 	breast	NS	NS	carcinoma	ductal_carcinoma	NS	16959974	 	 	 	Tumour Sample	 	 	 	 	 	 	 
BB29T	1430373	 	 	breast	NS	NS	carcinoma	ductal_carcinoma	NS	17932254	 	 	 	Tumour Sample	 	 	 	 	 	 	 
BB2T	1235089	 	 	breast	NS	NS	carcinoma	ductal_carcinoma	NS	16959974	 	 	 	Tumour Sample	 	 	 	 	 	 	 
BB30T	1235110	 	 	breast	NS	NS	carcinoma	ductal_carcinoma	NS	16959974	 	 	 	Tumour Sample	 	 	 	 	 	 	 
BB31T	1235111	 	 	breast	NS	NS	carcinoma	ductal_carcinoma	NS	16959974	 	 	 	Tumour Sample	 	 	 	 	 	 	 
BB31T	1430374	 	 	breast	NS	NS	carcinoma	ductal_carcinoma	NS	17932254	 	 	 	Tumour Sample	 	 	 	 	 	 	 
BB32T	1235112	 	 	breast	NS	NS	carcinoma	ductal_carcinoma	NS	16959974	 	 	 	Tumour Sample	 	 	 	 	 	 	 
BB32T	1430375	 	 	breast	NS	NS	carcinoma	ductal_carcinoma	NS	17932254	 	 	 	Tumour Sample	 	 	 	 	 	 	 
BB33T	1235113	 	 	breast	NS	NS	carcinoma	ductal_carcinoma	NS	16959974	 	 	 	Tumour Sample	 	 	 	 	 	 	 
BB33T	1430376	 	 	breast	NS	NS	carcinoma	ductal_carcinoma	NS	17932254	 	 	 	Tumour Sample	 	 	 	 	 	 	 
BB34T	1235114	 	 	breast	NS	NS	carcinoma	ductolobular_carcinoma	NS	16959974	 	 	 	Tumour Sample	 	 	 	 	 	 	 
BB34T	1430377	 	 	breast	NS	NS	carcinoma	ductolobular_carcinoma	NS	17932254	 	 	 	Tumour Sample	 	 	 	 	 	 	 
BB35T	1235115	 	 	breast	NS	NS	carcinoma	ductal_carcinoma	NS	16959974	 	 	 	Tumour Sample	 	 	 	 	 	 	 
BB36T	1235116	 	 	breast	NS	NS	carcinoma	ductal_carcinoma	NS	16959974	 	 	 	Tumour Sample	 	 	 	 	 	 	 
BB37T	1235117	 	 	breast	NS	NS	carcinoma	ductal_carcinoma	NS	16959974	 	 	 	Tumour Sample	 	 	 	 	 	 	 
BB38T	1235118	 	 	breast	NS	NS	carcinoma	ductal_carcinoma	NS	16959974	 	 	 	Tumour Sample	 	 	 	 	 	 	 
BB39T	1235119	 	 	breast	NS	NS	carcinoma	ductal_carcinoma	NS	16959974	 	 	 	Tumour Sample	 	 	 	 	 	 	 
BB3T	1235090	 	 	breast	NS	NS	carcinoma	ductal_carcinoma	NS	16959974	 	 	 	Tumour Sample	 	 	 	 	 	 	 
BB40T	1235120	 	 	breast	NS	NS	carcinoma	ductal_carcinoma	NS	16959974	 	 	 	Tumour Sample	 	 	 	 	 	 	 
BB42T	1235121	 	 	breast	NS	NS	carcinoma	ductal_carcinoma	NS	16959974	 	 	 	Tumour Sample	 	 	 	 	 	 	 
BB43T	1235122	 	 	breast	NS	NS	carcinoma	ductolobular_carcinoma	NS	16959974	 	 	 	Tumour Sample	 	 	 	 	 	 	 
BB43T	1430378	 	 	breast	NS	NS	carcinoma	ductolobular_carcinoma	NS	17932254	 	 	 	Tumour Sample	 	 	 	 	 	 	 
BB44T	1235123	 	 	breast	NS	NS	carcinoma	ductolobular_carcinoma	NS	16959974	 	 	 	Tumour Sample	 	 	 	 	 	 	 
BB4T	1235091	 	 	breast	NS	NS	carcinoma	ductal_carcinoma	NS	16959974	 	 	 	Tumour Sample	 	 	 	 	 	 	 
BB5T	1235092	 	 	breast	NS	NS	carcinoma	ductal_carcinoma	NS	16959974	 	 	 	Tumour Sample	 	 	 	 	 	 	 
BB5T	1430379	 	 	breast	NS	NS	carcinoma	ductal_carcinoma	NS	17932254	 	 	 	Tumour Sample	 	 	 	 	 	 	 
BB61T	1430411	 	 	breast	NS	NS	NS	NS	NS	17932254	 	 	 	Tumour Sample	 	 	 	 	 	 	 
BB7T	1235093	 	 	breast	NS	NS	carcinoma	ductal_carcinoma	NS	16959974	 	 	 	Tumour Sample	 	 	 	 	 	 	 
BB7T	1430380	 	 	breast	NS	NS	carcinoma	ductal_carcinoma	NS	17932254	 	 	 	Tumour Sample	 	 	 	 	 	 	 
BB9T	1235094	 	 	breast	NS	NS	carcinoma	ductal_carcinoma	NS	16959974	 	 	 	Tumour Sample	 	 	 	 	 	 	 
BB9T	1430381	 	 	breast	NS	NS	carcinoma	ductal_carcinoma	NS	17932254	 	 	 	Tumour Sample	 	 	 	 	 	 	 
Br02X	1312964	 	 	central_nervous_system	brain	NS	glioma	astrocytoma_Grade_IV	glioblastoma_multiforme	18772396	 	 	 	Cultured Sample	 	 	 	 	 	 	 
Br03X	1312965	 	 	central_nervous_system	brain	NS	glioma	astrocytoma_Grade_IV	glioblastoma_multiforme	18772396	 	 	 	Cultured Sample	 	 	 	 	 	 	 
Br04X	1312966	 	 	central_nervous_system	brain	NS	glioma	astrocytoma_Grade_IV	glioblastoma_multiforme	18772396	 	 	 	Cultured Sample	 	 	 	 	 	 	 
Br05X	1312967	 	 	central_nervous_system	brain	NS	glioma	astrocytoma_Grade_IV	glioblastoma_multiforme	18772396	 	 	 	Cultured Sample	 	 	 	 	 	 	 
Br06X	1312968	 	 	central_nervous_system	brain	NS	glioma	astrocytoma_Grade_IV	glioblastoma_multiforme	18772396	 	 	 	Cultured Sample	 	 	 	 	 	 	 
Br07X	1312969	 	 	central_nervous_system	brain	NS	glioma	astrocytoma_Grade_IV	glioblastoma_multiforme	18772396	 	 	 	Cultured Sample	 	 	 	 	 	 	 
Br08X	1312970	 	 	central_nervous_system	brain	NS	glioma	NS	NS	18772396	 	 	 	Cultured Sample	 	 	 	 	 	 	 
Br09P	1312971	 	 	central_nervous_system	brain	NS	glioma	astrocytoma_Grade_IV	glioblastoma_multiforme	18772396	 	 	 	Tumour Sample	 	 	 	 	 	 	 
Br10P	1312972	 	 	central_nervous_system	brain	NS	glioma	astrocytoma_Grade_IV	glioblastoma_multiforme	18772396	 	 	 	Tumour Sample	 	 	 	 	 	 	 
Br11P	1312973	 	 	central_nervous_system	brain	NS	glioma	astrocytoma_Grade_IV	glioblastoma_multiforme	18772396	 	 	 	Tumour Sample	 	 	 	 	 	 	 
Br12P	1312974	 	 	central_nervous_system	brain	NS	glioma	astrocytoma_Grade_IV	glioblastoma_multiforme	18772396	 	 	 	Tumour Sample	 	 	 	 	 	 	 
Br13X	1312975	 	 	central_nervous_system	brain	NS	glioma	astrocytoma_Grade_IV	glioblastoma_multiforme	18772396	 	 	 	Cultured Sample	 	 	 	 	 	 	 
Br14X	1312976	 	 	central_nervous_system	brain	NS	glioma	astrocytoma_Grade_IV	glioblastoma_multiforme	18772396	 	 	 	Cultured Sample	 	 	 	 	 	 	 
Br15X	1312977	 	 	central_nervous_system	brain	NS	glioma	astrocytoma_Grade_IV	glioblastoma_multiforme	18772396	 	 	 	Cultured Sample	 	 	 	 	 	 	 
Br16X	1312978	 	 	central_nervous_system	brain	NS	glioma	astrocytoma_Grade_IV	glioblastoma_multiforme	18772396	 	 	 	Cultured Sample	 	 	 	 	 	 	 
Br17X	1312979	 	 	central_nervous_system	brain	NS	glioma	astrocytoma_Grade_IV	glioblastoma_multiforme	18772396	 	 	 	Cultured Sample	 	 	 	 	 	 	 
Br20P	1312980	 	 	central_nervous_system	brain	NS	glioma	astrocytoma_Grade_IV	glioblastoma_multiforme	18772396	 	 	 	Tumour Sample	 	 	 	 	 	 	 
Br23X	1312981	 	 	central_nervous_system	brain	NS	glioma	astrocytoma_Grade_IV	glioblastoma_multiforme	18772396	 	 	 	Cultured Sample	 	 	 	 	 	 	 
Br25X	1312982	 	 	central_nervous_system	brain	NS	glioma	astrocytoma_Grade_IV	glioblastoma_multiforme	18772396	 	 	 	Cultured Sample	 	 	 	 	 	 	 
Br26X	1312983	 	 	central_nervous_system	brain	NS	glioma	astrocytoma_Grade_IV	glioblastoma_multiforme	18772396	 	 	 	Cultured Sample	 	 	 	 	 	 	 
Br27P	1312984	 	 	central_nervous_system	brain	NS	glioma	astrocytoma_Grade_IV	glioblastoma_multiforme	18772396	 	 	 	Tumour Sample	 	 	 	 	 	 	 
Br29P	1312985	 	 	central_nervous_system	brain	NS	glioma	NS	NS	18772396	 	 	 	Tumour Sample	 	 	 	 	 	 	 
Co108	1235041	 	 	large_intestine	colon	right	carcinoma	adenocarcinoma	NS	16959974	 	 	 	Cultured Sample	 	 	 	 	 	 	 
Co108	1430352	 	 	large_intestine	colon	right	carcinoma	adenocarcinoma	NS	17932254	 	 	 	Cultured Sample	 	 	 	 	 	 	 
Co109	1430413	 	 	large_intestine	colon	NS	NS	NS	NS	17932254	 	 	 	Tumour Sample	 	 	 	 	 	 	 
Co110	1430414	 	 	large_intestine	colon	NS	NS	NS	NS	17932254	 	 	 	Tumour Sample	 	 	 	 	 	 	 
Co111	1430415	 	 	large_intestine	colon	NS	NS	NS	NS	17932254	 	 	 	Tumour Sample	 	 	 	 	 	 	 
Co74	1235039	 	 	large_intestine	colon	sigmoid	carcinoma	adenocarcinoma	NS	16959974	 	 	 	Cultured Sample	 	 	 	 	 	 	 
Co74	1430353	 	 	large_intestine	colon	sigmoid	carcinoma	adenocarcinoma	NS	17932254	 	 	 	Cultured Sample	 	 	 	 	 	 	 
Co79	1235050	 	 	large_intestine	colon	right	carcinoma	adenocarcinoma	NS	16959974	 	 	 	Cultured Sample	 	 	 	 	 	 	 
Co82	1235051	 	 	large_intestine	colon	right	carcinoma	adenocarcinoma	NS	16959974	 	 	 	Cultured Sample	 	 	 	 	 	 	 
Co82	1430382	 	 	large_intestine	colon	right	carcinoma	adenocarcinoma	NS	17932254	 	 	 	Cultured Sample	 	 	 	 	 	 	 
Co84	1235052	 	 	large_intestine	colon	right	carcinoma	adenocarcinoma	NS	16959974	 	 	 	Cultured Sample	 	 	 	 	 	 	 
Co84	1430383	 	 	large_intestine	colon	right	carcinoma	adenocarcinoma	NS	17932254	 	 	 	Cultured Sample	 	 	 	 	 	 	 
Co92	1235040	 	 	large_intestine	colon	right	carcinoma	adenocarcinoma	NS	16959974	 	 	 	Cultured Sample	 	 	 	 	 	 	 
Co92	1430354	 	 	large_intestine	colon	right	carcinoma	adenocarcinoma	NS	17932254	 	 	 	Cultured Sample	 	 	 	 	 	 	 
Co94	1235053	 	 	large_intestine	rectum	NS	carcinoma	adenocarcinoma	NS	16959974	 	 	 	Cultured Sample	 	 	 	 	 	 	 
HCC1008	1235076	 	 	breast	NS	NS	carcinoma	ductal_carcinoma	NS	16959974	 	 	 	Cultured Sample	 	 	 	 	 	 	 
HCC1008	1430344	 	 	breast	NS	NS	carcinoma	ductal_carcinoma	NS	17932254	 	 	 	Cultured Sample	 	 	 	 	 	 	 
HCC1143	1235079	 	 	breast	NS	NS	carcinoma	ductal_carcinoma	NS	16959974	 	 	 	Cultured Sample	 	 	 	 	 	 	 
HCC1143	1430347	 	 	breast	NS	NS	carcinoma	ductal_carcinoma	NS	17932254	 	 	 	Cultured Sample	 	 	 	 	 	 	 
HCC1187	1235080	 	 	breast	NS	NS	carcinoma	ductal_carcinoma	NS	16959974	 	 	 	Cultured Sample	 	 	 	 	 	 	 
HCC1187	1430348	 	 	breast	NS	NS	carcinoma	ductal_carcinoma	NS	17932254	 	 	 	Cultured Sample	 	 	 	 	 	 	 
HCC1395	1235081	 	 	breast	NS	NS	carcinoma	ductal_carcinoma	NS	16959974	 	 	 	Cultured Sample	 	 	 	 	 	 	 
HCC1395	1430349	 	 	breast	NS	NS	carcinoma	ductal_carcinoma	NS	17932254	 	 	 	Cultured Sample	 	 	 	 	 	 	 
HCC1599	1235082	 	 	breast	NS	NS	carcinoma	ductal_carcinoma	NS	16959974	 	 	 	Cultured Sample	 	 	 	 	 	 	 
HCC1599	1430350	 	 	breast	NS	NS	carcinoma	ductal_carcinoma	NS	17932254	 	 	 	Cultured Sample	 	 	 	 	 	 	 
HCC1937	1235083	p.I204T	c.611T>C	breast	NS	NS	carcinoma	ductal_carcinoma	NS	16959974	 	33055	Confirmed	Cultured Sample	Heterozygous	22	34991391	34991391	22	36661445	36661445
HCC1937	1430351	p.I204fs*52	c.611_639del29	breast	NS	NS	carcinoma	ductal_carcinoma	NS	17932254	 	50203	Confirmed	Cultured Sample	Heterozygous	22	34991391	34991419	22	36661445	36661473
HCC1954	1235077	 	 	breast	NS	NS	carcinoma	ductal_carcinoma	NS	16959974	 	 	 	Cultured Sample	 	 	 	 	 	 	 
HCC1954	1430345	 	 	breast	NS	NS	carcinoma	ductal_carcinoma	NS	17932254	 	 	 	Cultured Sample	 	 	 	 	 	 	 
HCC2157	1235084	 	 	breast	NS	NS	carcinoma	ductal_carcinoma	NS	16959974	 	 	 	Cultured Sample	 	 	 	 	 	 	 
HCC2157	1430341	 	 	breast	NS	NS	carcinoma	ductal_carcinoma	NS	17932254	 	 	 	Cultured Sample	 	 	 	 	 	 	 
HCC2218	1235085	 	 	breast	NS	NS	carcinoma	ductal_carcinoma	NS	16959974	 	 	 	Cultured Sample	 	 	 	 	 	 	 
HCC2218	1430342	 	 	breast	NS	NS	carcinoma	ductal_carcinoma	NS	17932254	 	 	 	Cultured Sample	 	 	 	 	 	 	 
HCC2713	1235087	 	 	breast	NS	NS	carcinoma	ductal_carcinoma	NS	16959974	 	 	 	Cultured Sample	 	 	 	 	 	 	 
HCC38	1235078	 	 	breast	NS	NS	carcinoma	ductal_carcinoma	NS	16959974	 	 	 	Cultured Sample	 	 	 	 	 	 	 
HCC38	1430346	 	 	breast	NS	NS	carcinoma	ductal_carcinoma	NS	17932254	 	 	 	Cultured Sample	 	 	 	 	 	 	 
Hs578T	1235086	 	 	breast	NS	NS	carcinoma	ductal_carcinoma	NS	16959974	 	 	 	Cultured Sample	 	 	 	 	 	 	 
Hs578T	1430343	 	 	breast	NS	NS	carcinoma	ductal_carcinoma	NS	17932254	 	 	 	Cultured Sample	 	 	 	 	 	 	 
Hx005	1235063	 	 	large_intestine	colon	descending	carcinoma	adenocarcinoma	NS	16959974	 	 	 	Cultured Sample	 	 	 	 	 	 	 
Hx005	1430394	 	 	large_intestine	colon	descending	carcinoma	adenocarcinoma	NS	17932254	 	 	 	Cultured Sample	 	 	 	 	 	 	 
Hx169	1235064	 	 	large_intestine	rectum	NS	carcinoma	adenocarcinoma	NS	16959974	 	 	 	Cultured Sample	 	 	 	 	 	 	 
Hx169	1430384	 	 	large_intestine	rectum	NS	carcinoma	adenocarcinoma	NS	17932254	 	 	 	Cultured Sample	 	 	 	 	 	 	 
Hx172	1235065	 	 	large_intestine	colon	NS	carcinoma	adenocarcinoma	NS	16959974	 	 	 	Cultured Sample	 	 	 	 	 	 	 
Hx172	1430385	 	 	large_intestine	colon	NS	carcinoma	adenocarcinoma	NS	17932254	 	 	 	Cultured Sample	 	 	 	 	 	 	 
Hx174	1235066	 	 	large_intestine	colon	sigmoid	carcinoma	adenocarcinoma	NS	16959974	 	 	 	Cultured Sample	 	 	 	 	 	 	 
Hx174	1430386	 	 	large_intestine	colon	sigmoid	carcinoma	adenocarcinoma	NS	17932254	 	 	 	Cultured Sample	 	 	 	 	 	 	 
Hx185	1235067	 	 	large_intestine	rectum	NS	carcinoma	adenocarcinoma	NS	16959974	 	 	 	Cultured Sample	 	 	 	 	 	 	 
Hx185	1430387	 	 	large_intestine	rectum	NS	carcinoma	adenocarcinoma	NS	17932254	 	 	 	Cultured Sample	 	 	 	 	 	 	 
Hx188	1235068	 	 	large_intestine	colon	left	carcinoma	adenocarcinoma	NS	16959974	 	 	 	Cultured Sample	 	 	 	 	 	 	 
Hx188	1430388	 	 	large_intestine	colon	left	carcinoma	adenocarcinoma	NS	17932254	 	 	 	Cultured Sample	 	 	 	 	 	 	 
Hx189	1235069	 	 	large_intestine	colon	left	carcinoma	adenocarcinoma	NS	16959974	 	 	 	Cultured Sample	 	 	 	 	 	 	 
Hx189	1430389	 	 	large_intestine	colon	left	carcinoma	adenocarcinoma	NS	17932254	 	 	 	Cultured Sample	 	 	 	 	 	 	 
Hx190	1235070	 	 	large_intestine	colon	right	carcinoma	adenocarcinoma	NS	16959974	 	 	 	Cultured Sample	 	 	 	 	 	 	 
Hx206	1235071	 	 	large_intestine	rectum	NS	carcinoma	adenocarcinoma	NS	16959974	 	 	 	Cultured Sample	 	 	 	 	 	 	 
Hx206	1430390	 	 	large_intestine	rectum	NS	carcinoma	adenocarcinoma	NS	17932254	 	 	 	Cultured Sample	 	 	 	 	 	 	 
Hx218	1235072	 	 	large_intestine	colon	left	carcinoma	adenocarcinoma	NS	16959974	 	 	 	Cultured Sample	 	 	 	 	 	 	 
Hx218	1430391	 	 	large_intestine	colon	left	carcinoma	adenocarcinoma	NS	17932254	 	 	 	Cultured Sample	 	 	 	 	 	 	 
Hx219	1235073	 	 	large_intestine	caecum	NS	carcinoma	adenocarcinoma	NS	16959974	 	 	 	Cultured Sample	 	 	 	 	 	 	 
Hx219	1430392	 	 	large_intestine	caecum	NS	carcinoma	adenocarcinoma	NS	17932254	 	 	 	Cultured Sample	 	 	 	 	 	 	 
Hx220	1235074	 	 	large_intestine	colon	right	carcinoma	adenocarcinoma	NS	16959974	 	 	 	Cultured Sample	 	 	 	 	 	 	 
Hx220	1430393	 	 	large_intestine	colon	right	carcinoma	adenocarcinoma	NS	17932254	 	 	 	Cultured Sample	 	 	 	 	 	 	 
Hx223	1235075	 	 	large_intestine	rectum	NS	carcinoma	adenocarcinoma	NS	16959974	 	 	 	Cultured Sample	 	 	 	 	 	 	 
MB101X	1512935	 	 	central_nervous_system	medulla	NS	primitive_neuroectodermal_tumour-medulloblastoma	classic	NS	21163964	334	 	 	Cultured Sample	 	 	 	 	 	 	 
MB104X	1512936	 	 	central_nervous_system	medulla	NS	primitive_neuroectodermal_tumour-medulloblastoma	classic	NS	21163964	334	 	 	Cultured Sample	 	 	 	 	 	 	 
MB105X	1512937	 	 	central_nervous_system	medulla	NS	primitive_neuroectodermal_tumour-medulloblastoma	classic	NS	21163964	334	 	 	Cultured Sample	 	 	 	 	 	 	 
MB106X	1512938	 	 	central_nervous_system	medulla	NS	primitive_neuroectodermal_tumour-medulloblastoma	classic	NS	21163964	334	 	 	Cultured Sample	 	 	 	 	 	 	 
MB108C	1512939	 	 	central_nervous_system	medulla	NS	primitive_neuroectodermal_tumour-medulloblastoma	NS	NS	21163964	334	 	 	Cultured Sample	 	 	 	 	 	 	 
MB109PT	1512940	 	 	central_nervous_system	medulla	NS	primitive_neuroectodermal_tumour-medulloblastoma	classic	NS	21163964	334	 	 	Tumour Sample	 	 	 	 	 	 	 
MB111PT	1512941	 	 	central_nervous_system	medulla	NS	primitive_neuroectodermal_tumour-medulloblastoma	classic	NS	21163964	334	 	 	Tumour Sample	 	 	 	 	 	 	 
MB113PT	1512942	 	 	central_nervous_system	medulla	NS	primitive_neuroectodermal_tumour-medulloblastoma	classic	NS	21163964	334	 	 	Tumour Sample	 	 	 	 	 	 	 
MB115PT	1512943	 	 	central_nervous_system	medulla	NS	primitive_neuroectodermal_tumour-medulloblastoma	classic	NS	21163964	334	 	 	Tumour Sample	 	 	 	 	 	 	 
MB117PT	1512944	 	 	central_nervous_system	medulla	NS	primitive_neuroectodermal_tumour-medulloblastoma	desmoplastic	NS	21163964	334	 	 	Tumour Sample	 	 	 	 	 	 	 
MB118PT	1512945	 	 	central_nervous_system	medulla	NS	primitive_neuroectodermal_tumour-medulloblastoma	classic	NS	21163964	334	 	 	Tumour Sample	 	 	 	 	 	 	 
MB119PT	1512946	 	 	central_nervous_system	medulla	NS	primitive_neuroectodermal_tumour-medulloblastoma	large_cell	NS	21163964	334	 	 	Tumour Sample	 	 	 	 	 	 	 
MB120PT	1512947	 	 	central_nervous_system	medulla	NS	primitive_neuroectodermal_tumour-medulloblastoma	classic	NS	21163964	334	 	 	Tumour Sample	 	 	 	 	 	 	 
MB121PT	1512948	 	 	central_nervous_system	medulla	NS	primitive_neuroectodermal_tumour-medulloblastoma	classic	NS	21163964	334	 	 	Tumour Sample	 	 	 	 	 	 	 
MB122PT	1512949	 	 	central_nervous_system	medulla	NS	primitive_neuroectodermal_tumour-medulloblastoma	large_cell	NS	21163964	334	 	 	Tumour Sample	 	 	 	 	 	 	 
MB123PT	1512950	 	 	central_nervous_system	medulla	NS	primitive_neuroectodermal_tumour-medulloblastoma	classic	NS	21163964	334	 	 	Tumour Sample	 	 	 	 	 	 	 
MB124PT	1512951	 	 	central_nervous_system	medulla	NS	primitive_neuroectodermal_tumour-medulloblastoma	large_cell	NS	21163964	334	 	 	Tumour Sample	 	 	 	 	 	 	 
MB125PT	1512952	 	 	central_nervous_system	medulla	NS	primitive_neuroectodermal_tumour-medulloblastoma	classic	NS	21163964	334	 	 	Tumour Sample	 	 	 	 	 	 	 
MB126PT	1512953	 	 	central_nervous_system	medulla	NS	primitive_neuroectodermal_tumour-medulloblastoma	large_cell	NS	21163964	334	 	 	Tumour Sample	 	 	 	 	 	 	 
MB128PT	1512954	 	 	central_nervous_system	medulla	NS	primitive_neuroectodermal_tumour-medulloblastoma	classic	NS	21163964	334	 	 	Tumour Sample	 	 	 	 	 	 	 
MB129PT	1512955	 	 	central_nervous_system	medulla	NS	primitive_neuroectodermal_tumour-medulloblastoma	NS	NS	21163964	334	 	 	Tumour Sample	 	 	 	 	 	 	 
MB130PT	1512956	 	 	central_nervous_system	medulla	NS	primitive_neuroectodermal_tumour-medulloblastoma	NS	NS	21163964	334	 	 	Tumour Sample	 	 	 	 	 	 	 
Mx22	1235042	 	 	large_intestine	NS	NS	carcinoma	adenocarcinoma	NS	16959974	 	 	 	Cultured Sample	 	 	 	 	 	 	 
Mx22	1430355	 	 	large_intestine	NS	NS	carcinoma	adenocarcinoma	NS	17932254	 	 	 	Cultured Sample	 	 	 	 	 	 	 
Mx26	1235056	 	 	large_intestine	colon	right	carcinoma	adenocarcinoma	NS	16959974	 	 	 	Cultured Sample	 	 	 	 	 	 	 
Mx26	1430395	 	 	large_intestine	colon	right	carcinoma	adenocarcinoma	NS	17932254	 	 	 	Cultured Sample	 	 	 	 	 	 	 
Mx27	1235043	 	 	large_intestine	colon	right	carcinoma	adenocarcinoma	NS	16959974	 	 	 	Cultured Sample	 	 	 	 	 	 	 
Mx27	1430356	 	 	large_intestine	colon	right	carcinoma	adenocarcinoma	NS	17932254	 	 	 	Cultured Sample	 	 	 	 	 	 	 
Mx29	1235057	 	 	large_intestine	colon	left	carcinoma	adenocarcinoma	NS	16959974	 	 	 	Cultured Sample	 	 	 	 	 	 	 
Mx29	1430396	 	 	large_intestine	colon	left	carcinoma	adenocarcinoma	NS	17932254	 	 	 	Cultured Sample	 	 	 	 	 	 	 
Mx3	1235054	 	 	large_intestine	colon	right	carcinoma	adenocarcinoma	NS	16959974	 	 	 	Cultured Sample	 	 	 	 	 	 	 
Mx3	1430397	 	 	large_intestine	colon	right	carcinoma	adenocarcinoma	NS	17932254	 	 	 	Cultured Sample	 	 	 	 	 	 	 
Mx30	1235044	 	 	large_intestine	colon	sigmoid	carcinoma	adenocarcinoma	NS	16959974	 	 	 	Cultured Sample	 	 	 	 	 	 	 
Mx30	1430357	 	 	large_intestine	colon	sigmoid	carcinoma	adenocarcinoma	NS	17932254	 	 	 	Cultured Sample	 	 	 	 	 	 	 
Mx31	1235058	 	 	large_intestine	rectum	NS	carcinoma	adenocarcinoma	NS	16959974	 	 	 	Cultured Sample	 	 	 	 	 	 	 
Mx31	1430398	 	 	large_intestine	rectum	NS	carcinoma	adenocarcinoma	NS	17932254	 	 	 	Cultured Sample	 	 	 	 	 	 	 
Mx32	1235045	 	 	large_intestine	colon	right	carcinoma	adenocarcinoma	NS	16959974	 	 	 	Cultured Sample	 	 	 	 	 	 	 
Mx32	1430358	 	 	large_intestine	colon	right	carcinoma	adenocarcinoma	NS	17932254	 	 	 	Cultured Sample	 	 	 	 	 	 	 
Mx34	1235059	 	 	large_intestine	colon	right	carcinoma	adenocarcinoma	NS	16959974	 	 	 	Cultured Sample	 	 	 	 	 	 	 
Mx34	1430399	 	 	large_intestine	colon	right	carcinoma	adenocarcinoma	NS	17932254	 	 	 	Cultured Sample	 	 	 	 	 	 	 
Mx35	1235060	 	 	large_intestine	rectum	NS	carcinoma	adenocarcinoma	NS	16959974	 	 	 	Cultured Sample	 	 	 	 	 	 	 
Mx35	1430400	 	 	large_intestine	rectum	NS	carcinoma	adenocarcinoma	NS	17932254	 	 	 	Cultured Sample	 	 	 	 	 	 	 
Mx38	1235046	 	 	large_intestine	rectum	NS	carcinoma	adenocarcinoma	NS	16959974	 	 	 	Cultured Sample	 	 	 	 	 	 	 
Mx38	1430359	 	 	large_intestine	rectum	NS	carcinoma	adenocarcinoma	NS	17932254	 	 	 	Cultured Sample	 	 	 	 	 	 	 
Mx40	1235061	 	 	large_intestine	colon	right	carcinoma	adenocarcinoma	NS	16959974	 	 	 	Cultured Sample	 	 	 	 	 	 	 
Mx40	1430401	 	 	large_intestine	colon	right	carcinoma	adenocarcinoma	NS	17932254	 	 	 	Cultured Sample	 	 	 	 	 	 	 
Mx41	1235047	 	 	large_intestine	colon	right	carcinoma	adenocarcinoma	NS	16959974	 	 	 	Cultured Sample	 	 	 	 	 	 	 
Mx41	1430360	 	 	large_intestine	colon	right	carcinoma	adenocarcinoma	NS	17932254	 	 	 	Cultured Sample	 	 	 	 	 	 	 
Mx42	1235048	 	 	large_intestine	colon	left	carcinoma	adenocarcinoma	NS	16959974	 	 	 	Cultured Sample	 	 	 	 	 	 	 
Mx42	1430361	 	 	large_intestine	colon	left	carcinoma	adenocarcinoma	NS	17932254	 	 	 	Cultured Sample	 	 	 	 	 	 	 
Mx43	1235049	 	 	large_intestine	colon	sigmoid	carcinoma	adenocarcinoma	NS	16959974	 	 	 	Cultured Sample	 	 	 	 	 	 	 
Mx43	1430362	 	 	large_intestine	colon	sigmoid	carcinoma	adenocarcinoma	NS	17932254	 	 	 	Cultured Sample	 	 	 	 	 	 	 
Mx45	1235062	 	 	large_intestine	colon	transverse	carcinoma	adenocarcinoma	NS	16959974	 	 	 	Cultured Sample	 	 	 	 	 	 	 
Mx8	1235055	 	 	large_intestine	rectum	NS	carcinoma	adenocarcinoma	NS	16959974	 	 	 	Cultured Sample	 	 	 	 	 	 	 
Mx8	1430402	 	 	large_intestine	rectum	NS	carcinoma	adenocarcinoma	NS	17932254	 	 	 	Cultured Sample	 	 	 	 	 	 	 
Pa01C	1509848	 	 	pancreas	NS	NS	carcinoma	ductal_carcinoma	NS	18772397	332	 	 	Cultured Sample	 	 	 	 	 	 	 
Pa02C	1509849	 	 	pancreas	NS	NS	carcinoma	ductal_carcinoma	NS	18772397	332	 	 	Cultured Sample	 	 	 	 	 	 	 
Pa03C	1509850	 	 	pancreas	NS	NS	carcinoma	ductal_carcinoma	NS	18772397	332	 	 	Cultured Sample	 	 	 	 	 	 	 
Pa04C	1509851	 	 	pancreas	NS	NS	carcinoma	ductal_carcinoma	NS	18772397	332	 	 	Cultured Sample	 	 	 	 	 	 	 
Pa05X	1509852	 	 	pancreas	NS	NS	carcinoma	ductal_carcinoma	NS	18772397	332	 	 	Cultured Sample	 	 	 	 	 	 	 
Pa07C	1509853	 	 	pancreas	NS	NS	carcinoma	ductal_carcinoma	NS	18772397	332	 	 	Cultured Sample	 	 	 	 	 	 	 
Pa08C	1509854	 	 	pancreas	NS	NS	carcinoma	ductal_carcinoma	NS	18772397	332	 	 	Cultured Sample	 	 	 	 	 	 	 
Pa09C	1509855	 	 	pancreas	NS	NS	carcinoma	ductal_carcinoma	NS	18772397	332	 	 	Cultured Sample	 	 	 	 	 	 	 
Pa10X	1509856	 	 	pancreas	NS	NS	carcinoma	ductal_carcinoma	NS	18772397	332	 	 	Cultured Sample	 	 	 	 	 	 	 
Pa11X	1509857	 	 	pancreas	NS	NS	carcinoma	ductal_carcinoma	NS	18772397	332	 	 	Cultured Sample	 	 	 	 	 	 	 
Pa14C	1509858	 	 	pancreas	NS	NS	carcinoma	ductal_carcinoma	NS	18772397	332	 	 	Cultured Sample	 	 	 	 	 	 	 
Pa16C	1509859	 	 	pancreas	NS	NS	carcinoma	ductal_carcinoma	NS	18772397	332	 	 	Cultured Sample	 	 	 	 	 	 	 
Pa18C	1509860	 	 	pancreas	NS	NS	carcinoma	ductal_carcinoma	NS	18772397	332	 	 	Cultured Sample	 	 	 	 	 	 	 
Pa20C	1509861	 	 	pancreas	NS	NS	carcinoma	ductal_carcinoma	NS	18772397	332	 	 	Cultured Sample	 	 	 	 	 	 	 
Pa21C	1509862	 	 	pancreas	NS	NS	carcinoma	ductal_carcinoma	NS	18772397	332	 	 	Cultured Sample	 	 	 	 	 	 	 
Pa28C	1509863	 	 	pancreas	NS	NS	carcinoma	ductal_carcinoma	NS	18772397	332	 	 	Cultured Sample	 	 	 	 	 	 	 
Pa29C	1509864	 	 	biliary_tract	bile_duct	NS	carcinoma	ductal_carcinoma	NS	18772397	332	 	 	Cultured Sample	 	 	 	 	 	 	 
Pa34X	1509865	 	 	biliary_tract	bile_duct	NS	carcinoma	ductal_carcinoma	NS	18772397	332	 	 	Cultured Sample	 	 	 	 	 	 	 
Pa36X	1509866	 	 	pancreas	NS	NS	carcinoma	ductal_carcinoma	NS	18772397	332	 	 	Cultured Sample	 	 	 	 	 	 	 
Pa37X	1509867	 	 	pancreas	NS	NS	carcinoma	ductal_carcinoma	NS	18772397	332	 	 	Cultured Sample	 	 	 	 	 	 	 
Pa38X	1509868	 	 	pancreas	NS	NS	carcinoma	ductal_carcinoma	NS	18772397	332	 	 	Cultured Sample	 	 	 	 	 	 	 
Pa39X	1509869	 	 	pancreas	NS	NS	carcinoma	ductal_carcinoma	NS	18772397	332	 	 	Cultured Sample	 	 	 	 	 	 	 
Pa41X	1509870	 	 	pancreas	NS	NS	carcinoma	ductal_carcinoma	NS	18772397	332	 	 	Cultured Sample	 	 	 	 	 	 	 
Pa43X	1509871	 	 	pancreas	NS	NS	carcinoma	ductal_carcinoma	NS	18772397	332	 	 	Cultured Sample	 	 	 	 	 	 	 
TCGA-13-0911	1475067	p.L207L	c.621C>T	ovary	NS	NS	carcinoma	serous_carcinoma	NS	 	331	79506	Confirmed	Tumour Sample	Heterozygous	22	34991401	34991401	22	36661455	36661455
