
Gene : FAM47C
Primary Tissue : None Selected	
Tissue subtype 1 : None Selected	
Histology : None Selected	
Histology subtype 1 : None Selected	

Sample Name	COSMIC Sample ID	Amino Acid	Nucleotide	Primary Tissue	Tissue subtype 1	Tissue subtype 2	Histology	Histology subtype 1	Histology subtype 2	Pubmed ID	studies	Mutation ID	Somatic Status	Sample Source	Zygosity	Chromosome NCBI36	Genome Start NCBI36	Genome Stop NCBI36	Chromosome GRCh37	Genome Start GRCh37	Genome Stop GRCh37	
BB30-HNC	753531	 	 	upper_aerodigestive_tract	head_neck	NS	carcinoma	squamous_cell_carcinoma	NS	 	152	 	 	Cultured Sample	 	 	 	 	 	 	 
BB49-HNC	753532	 	 	upper_aerodigestive_tract	head_neck	NS	carcinoma	squamous_cell_carcinoma	NS	 	152	 	 	Cultured Sample	 	 	 	 	 	 	 
BB65-RCC	753533	 	 	kidney	NS	NS	carcinoma	renal_cell_carcinoma	NS	 	152	 	 	Cultured Sample	 	 	 	 	 	 	 
Br02X	1312964	 	 	central_nervous_system	brain	NS	glioma	astrocytoma_Grade_IV	glioblastoma_multiforme	18772396	 	 	 	Cultured Sample	 	 	 	 	 	 	 
Br03X	1312965	 	 	central_nervous_system	brain	NS	glioma	astrocytoma_Grade_IV	glioblastoma_multiforme	18772396	 	 	 	Cultured Sample	 	 	 	 	 	 	 
Br04X	1312966	 	 	central_nervous_system	brain	NS	glioma	astrocytoma_Grade_IV	glioblastoma_multiforme	18772396	 	 	 	Cultured Sample	 	 	 	 	 	 	 
Br05X	1312967	 	 	central_nervous_system	brain	NS	glioma	astrocytoma_Grade_IV	glioblastoma_multiforme	18772396	 	 	 	Cultured Sample	 	 	 	 	 	 	 
Br06X	1312968	 	 	central_nervous_system	brain	NS	glioma	astrocytoma_Grade_IV	glioblastoma_multiforme	18772396	 	 	 	Cultured Sample	 	 	 	 	 	 	 
Br07X	1312969	 	 	central_nervous_system	brain	NS	glioma	astrocytoma_Grade_IV	glioblastoma_multiforme	18772396	 	 	 	Cultured Sample	 	 	 	 	 	 	 
Br08X	1312970	 	 	central_nervous_system	brain	NS	glioma	NS	NS	18772396	 	 	 	Cultured Sample	 	 	 	 	 	 	 
Br09P	1312971	 	 	central_nervous_system	brain	NS	glioma	astrocytoma_Grade_IV	glioblastoma_multiforme	18772396	 	 	 	Tumour Sample	 	 	 	 	 	 	 
Br10P	1312972	 	 	central_nervous_system	brain	NS	glioma	astrocytoma_Grade_IV	glioblastoma_multiforme	18772396	 	 	 	Tumour Sample	 	 	 	 	 	 	 
Br11P	1312973	 	 	central_nervous_system	brain	NS	glioma	astrocytoma_Grade_IV	glioblastoma_multiforme	18772396	 	 	 	Tumour Sample	 	 	 	 	 	 	 
Br12P	1312974	 	 	central_nervous_system	brain	NS	glioma	astrocytoma_Grade_IV	glioblastoma_multiforme	18772396	 	 	 	Tumour Sample	 	 	 	 	 	 	 
Br13X	1312975	 	 	central_nervous_system	brain	NS	glioma	astrocytoma_Grade_IV	glioblastoma_multiforme	18772396	 	 	 	Cultured Sample	 	 	 	 	 	 	 
Br14X	1312976	 	 	central_nervous_system	brain	NS	glioma	astrocytoma_Grade_IV	glioblastoma_multiforme	18772396	 	 	 	Cultured Sample	 	 	 	 	 	 	 
Br15X	1312977	 	 	central_nervous_system	brain	NS	glioma	astrocytoma_Grade_IV	glioblastoma_multiforme	18772396	 	 	 	Cultured Sample	 	 	 	 	 	 	 
Br16X	1312978	 	 	central_nervous_system	brain	NS	glioma	astrocytoma_Grade_IV	glioblastoma_multiforme	18772396	 	 	 	Cultured Sample	 	 	 	 	 	 	 
Br17X	1312979	 	 	central_nervous_system	brain	NS	glioma	astrocytoma_Grade_IV	glioblastoma_multiforme	18772396	 	 	 	Cultured Sample	 	 	 	 	 	 	 
Br20P	1312980	 	 	central_nervous_system	brain	NS	glioma	astrocytoma_Grade_IV	glioblastoma_multiforme	18772396	 	 	 	Tumour Sample	 	 	 	 	 	 	 
Br23X	1312981	 	 	central_nervous_system	brain	NS	glioma	astrocytoma_Grade_IV	glioblastoma_multiforme	18772396	 	 	 	Cultured Sample	 	 	 	 	 	 	 
Br25X	1312982	 	 	central_nervous_system	brain	NS	glioma	astrocytoma_Grade_IV	glioblastoma_multiforme	18772396	 	 	 	Cultured Sample	 	 	 	 	 	 	 
Br26X	1312983	 	 	central_nervous_system	brain	NS	glioma	astrocytoma_Grade_IV	glioblastoma_multiforme	18772396	 	 	 	Cultured Sample	 	 	 	 	 	 	 
Br27P	1312984	 	 	central_nervous_system	brain	NS	glioma	astrocytoma_Grade_IV	glioblastoma_multiforme	18772396	 	 	 	Tumour Sample	 	 	 	 	 	 	 
Br29P	1312985	 	 	central_nervous_system	brain	NS	glioma	NS	NS	18772396	 	 	 	Tumour Sample	 	 	 	 	 	 	 
COLO-829	687448	 	 	skin	NS	NS	malignant_melanoma	NS	NS	 	152	 	 	Cultured Sample	 	 	 	 	 	 	 
CP50-MEL-B	753545	 	 	skin	NS	NS	malignant_melanoma	NS	NS	 	152	 	 	Cultured Sample	 	 	 	 	 	 	 
CP66-MEL	753546	 	 	skin	NS	NS	malignant_melanoma	NS	NS	 	152	 	 	Cultured Sample	 	 	 	 	 	 	 
D-542MG	753549	 	 	central_nervous_system	brain	NS	glioma	NS	NS	 	152	 	 	Cultured Sample	 	 	 	 	 	 	 
HA7-RCC	753558	 	 	kidney	NS	NS	carcinoma	renal_cell_carcinoma	NS	 	152	 	 	Cultured Sample	 	 	 	 	 	 	 
HCC1143	749710	 	 	breast	NS	NS	carcinoma	ductal_carcinoma	NS	 	152	 	 	Cultured Sample	 	 	 	 	 	 	 
HCC1187	749711	 	 	breast	NS	NS	carcinoma	ductal_carcinoma	NS	 	152	 	 	Cultured Sample	 	 	 	 	 	 	 
HCC1395	749712	 	 	breast	NS	NS	carcinoma	ductal_carcinoma	NS	 	152	 	 	Cultured Sample	 	 	 	 	 	 	 
HCC1599	749713	 	 	breast	NS	NS	carcinoma	ductal_carcinoma	NS	 	152	 	 	Cultured Sample	 	 	 	 	 	 	 
HCC1937	749714	 	 	breast	NS	NS	carcinoma	ductal_carcinoma	NS	 	152	 	 	Cultured Sample	 	 	 	 	 	 	 
HCC1954	749709	 	 	breast	NS	NS	carcinoma	ductal_carcinoma	NS	 	152	 	 	Cultured Sample	 	 	 	 	 	 	 
HCC2157	749715	 	 	breast	NS	NS	carcinoma	ductal_carcinoma	NS	 	152	 	 	Cultured Sample	 	 	 	 	 	 	 
HCC2218	749716	 	 	breast	NS	NS	carcinoma	ductal_carcinoma	NS	 	152	 	 	Cultured Sample	 	 	 	 	 	 	 
HCC38	749717	 	 	breast	NS	NS	carcinoma	ductal_carcinoma	NS	 	152	 	 	Cultured Sample	 	 	 	 	 	 	 
J82	753566	 	 	urinary_tract	bladder	NS	carcinoma	NS	NS	 	152	 	 	Cultured Sample	 	 	 	 	 	 	 
LB1047-RCC	753577	 	 	kidney	NS	NS	carcinoma	renal_cell_carcinoma	NS	 	152	 	 	Cultured Sample	 	 	 	 	 	 	 
LB2241-RCC	753578	 	 	kidney	NS	NS	carcinoma	renal_cell_carcinoma	NS	 	152	 	 	Cultured Sample	 	 	 	 	 	 	 
LB2518-MEL	753579	 	 	skin	NS	NS	malignant_melanoma	NS	NS	 	152	 	 	Cultured Sample	 	 	 	 	 	 	 
LB373-MEL-D	753581	 	 	skin	NS	NS	malignant_melanoma	NS	NS	 	152	 	 	Cultured Sample	 	 	 	 	 	 	 
LB647-SCLC	753582	 	 	lung	NS	NS	carcinoma	NS	NS	 	152	 	 	Cultured Sample	 	 	 	 	 	 	 
LB771-HNC	753583	 	 	upper_aerodigestive_tract	head_neck	NS	carcinoma	squamous_cell_carcinoma	NS	 	152	 	 	Cultured Sample	 	 	 	 	 	 	 
LB831-BLC	753584	 	 	urinary_tract	bladder	NS	carcinoma	NS	NS	 	152	 	 	Cultured Sample	 	 	 	 	 	 	 
LB996-RCC	753585	 	 	kidney	NS	NS	carcinoma	renal_cell_carcinoma	NS	 	152	 	 	Cultured Sample	 	 	 	 	 	 	 
LS-1034	917486	 	 	large_intestine	NS	NS	carcinoma	adenocarcinoma	NS	 	152	 	 	Cultured Sample	 	 	 	 	 	 	 
MB101X	1512935	 	 	central_nervous_system	medulla	NS	primitive_neuroectodermal_tumour-medulloblastoma	classic	NS	21163964	334	 	 	Cultured Sample	 	 	 	 	 	 	 
MB104X	1512936	 	 	central_nervous_system	medulla	NS	primitive_neuroectodermal_tumour-medulloblastoma	classic	NS	21163964	334	 	 	Cultured Sample	 	 	 	 	 	 	 
MB105X	1512937	 	 	central_nervous_system	medulla	NS	primitive_neuroectodermal_tumour-medulloblastoma	classic	NS	21163964	334	 	 	Cultured Sample	 	 	 	 	 	 	 
MB106X	1512938	 	 	central_nervous_system	medulla	NS	primitive_neuroectodermal_tumour-medulloblastoma	classic	NS	21163964	334	 	 	Cultured Sample	 	 	 	 	 	 	 
MB108C	1512939	 	 	central_nervous_system	medulla	NS	primitive_neuroectodermal_tumour-medulloblastoma	NS	NS	21163964	334	 	 	Cultured Sample	 	 	 	 	 	 	 
MB109PT	1512940	 	 	central_nervous_system	medulla	NS	primitive_neuroectodermal_tumour-medulloblastoma	classic	NS	21163964	334	 	 	Tumour Sample	 	 	 	 	 	 	 
MB111PT	1512941	 	 	central_nervous_system	medulla	NS	primitive_neuroectodermal_tumour-medulloblastoma	classic	NS	21163964	334	 	 	Tumour Sample	 	 	 	 	 	 	 
MB113PT	1512942	 	 	central_nervous_system	medulla	NS	primitive_neuroectodermal_tumour-medulloblastoma	classic	NS	21163964	334	 	 	Tumour Sample	 	 	 	 	 	 	 
MB115PT	1512943	 	 	central_nervous_system	medulla	NS	primitive_neuroectodermal_tumour-medulloblastoma	classic	NS	21163964	334	 	 	Tumour Sample	 	 	 	 	 	 	 
MB117PT	1512944	 	 	central_nervous_system	medulla	NS	primitive_neuroectodermal_tumour-medulloblastoma	desmoplastic	NS	21163964	334	 	 	Tumour Sample	 	 	 	 	 	 	 
MB118PT	1512945	 	 	central_nervous_system	medulla	NS	primitive_neuroectodermal_tumour-medulloblastoma	classic	NS	21163964	334	 	 	Tumour Sample	 	 	 	 	 	 	 
MB119PT	1512946	 	 	central_nervous_system	medulla	NS	primitive_neuroectodermal_tumour-medulloblastoma	large_cell	NS	21163964	334	 	 	Tumour Sample	 	 	 	 	 	 	 
MB120PT	1512947	 	 	central_nervous_system	medulla	NS	primitive_neuroectodermal_tumour-medulloblastoma	classic	NS	21163964	334	 	 	Tumour Sample	 	 	 	 	 	 	 
MB121PT	1512948	 	 	central_nervous_system	medulla	NS	primitive_neuroectodermal_tumour-medulloblastoma	classic	NS	21163964	334	 	 	Tumour Sample	 	 	 	 	 	 	 
MB122PT	1512949	 	 	central_nervous_system	medulla	NS	primitive_neuroectodermal_tumour-medulloblastoma	large_cell	NS	21163964	334	 	 	Tumour Sample	 	 	 	 	 	 	 
MB123PT	1512950	 	 	central_nervous_system	medulla	NS	primitive_neuroectodermal_tumour-medulloblastoma	classic	NS	21163964	334	 	 	Tumour Sample	 	 	 	 	 	 	 
MB124PT	1512951	 	 	central_nervous_system	medulla	NS	primitive_neuroectodermal_tumour-medulloblastoma	large_cell	NS	21163964	334	 	 	Tumour Sample	 	 	 	 	 	 	 
MB125PT	1512952	 	 	central_nervous_system	medulla	NS	primitive_neuroectodermal_tumour-medulloblastoma	classic	NS	21163964	334	 	 	Tumour Sample	 	 	 	 	 	 	 
MB126PT	1512953	 	 	central_nervous_system	medulla	NS	primitive_neuroectodermal_tumour-medulloblastoma	large_cell	NS	21163964	334	 	 	Tumour Sample	 	 	 	 	 	 	 
MB128PT	1512954	 	 	central_nervous_system	medulla	NS	primitive_neuroectodermal_tumour-medulloblastoma	classic	NS	21163964	334	 	 	Tumour Sample	 	 	 	 	 	 	 
MB129PT	1512955	 	 	central_nervous_system	medulla	NS	primitive_neuroectodermal_tumour-medulloblastoma	NS	NS	21163964	334	 	 	Tumour Sample	 	 	 	 	 	 	 
MB130PT	1512956	 	 	central_nervous_system	medulla	NS	primitive_neuroectodermal_tumour-medulloblastoma	NS	NS	21163964	334	 	 	Tumour Sample	 	 	 	 	 	 	 
MZ1-PC	753595	 	 	pancreas	NS	NS	carcinoma	ductal_carcinoma	NS	 	152	 	 	Cultured Sample	 	 	 	 	 	 	 
MZ7-mel	753596	 	 	skin	NS	NS	malignant_melanoma	NS	NS	 	152	 	 	Cultured Sample	 	 	 	 	 	 	 
NCI-H128	753597	 	 	lung	NS	NS	carcinoma	small_cell_carcinoma	NS	 	152	 	 	Cultured Sample	 	 	 	 	 	 	 
NCI-H1395	684681	 	 	lung	NS	NS	carcinoma	non_small_cell_carcinoma	NS	 	152	 	 	Cultured Sample	 	 	 	 	 	 	 
NCI-H1437	687794	 	 	lung	NS	NS	carcinoma	non_small_cell_carcinoma	NS	 	152	 	 	Cultured Sample	 	 	 	 	 	 	 
NCI-H1770	687804	 	 	lung	NS	NS	carcinoma	non_small_cell_carcinoma	NS	 	152	 	 	Cultured Sample	 	 	 	 	 	 	 
NCI-H2009	724873	 	 	lung	NS	NS	carcinoma	non_small_cell_carcinoma	NS	 	152	 	 	Cultured Sample	 	 	 	 	 	 	 
NCI-H2052	688058	 	 	pleura	NS	NS	mesothelioma	NS	NS	 	152	 	 	Cultured Sample	 	 	 	 	 	 	 
NCI-H2087	724834	 	 	lung	NS	NS	carcinoma	non_small_cell_carcinoma	NS	 	152	 	 	Cultured Sample	 	 	 	 	 	 	 
NCI-H209	688013	 	 	lung	NS	NS	carcinoma	small_cell_carcinoma	NS	 	152	 	 	Cultured Sample	 	 	 	 	 	 	 
NCI-H2122	722046	 	 	lung	NS	NS	carcinoma	adenocarcinoma	NS	 	152	 	 	Cultured Sample	 	 	 	 	 	 	 
NCI-H2126	687814	 	 	lung	NS	NS	carcinoma	non_small_cell_carcinoma	NS	 	152	 	 	Cultured Sample	 	 	 	 	 	 	 
NCI-H2171	688015	 	 	lung	NS	NS	carcinoma	small_cell_carcinoma	NS	 	152	 	 	Cultured Sample	 	 	 	 	 	 	 
Pa01C	1509848	 	 	pancreas	NS	NS	carcinoma	ductal_carcinoma	NS	18772397	332	 	 	Cultured Sample	 	 	 	 	 	 	 
Pa02C	1509849	 	 	pancreas	NS	NS	carcinoma	ductal_carcinoma	NS	18772397	332	 	 	Cultured Sample	 	 	 	 	 	 	 
Pa03C	1509850	 	 	pancreas	NS	NS	carcinoma	ductal_carcinoma	NS	18772397	332	 	 	Cultured Sample	 	 	 	 	 	 	 
Pa04C	1509851	 	 	pancreas	NS	NS	carcinoma	ductal_carcinoma	NS	18772397	332	 	 	Cultured Sample	 	 	 	 	 	 	 
Pa05X	1509852	 	 	pancreas	NS	NS	carcinoma	ductal_carcinoma	NS	18772397	332	 	 	Cultured Sample	 	 	 	 	 	 	 
Pa07C	1509853	 	 	pancreas	NS	NS	carcinoma	ductal_carcinoma	NS	18772397	332	 	 	Cultured Sample	 	 	 	 	 	 	 
Pa08C	1509854	 	 	pancreas	NS	NS	carcinoma	ductal_carcinoma	NS	18772397	332	 	 	Cultured Sample	 	 	 	 	 	 	 
Pa09C	1509855	 	 	pancreas	NS	NS	carcinoma	ductal_carcinoma	NS	18772397	332	 	 	Cultured Sample	 	 	 	 	 	 	 
Pa10X	1509856	 	 	pancreas	NS	NS	carcinoma	ductal_carcinoma	NS	18772397	332	 	 	Cultured Sample	 	 	 	 	 	 	 
Pa11X	1509857	 	 	pancreas	NS	NS	carcinoma	ductal_carcinoma	NS	18772397	332	 	 	Cultured Sample	 	 	 	 	 	 	 
Pa14C	1509858	 	 	pancreas	NS	NS	carcinoma	ductal_carcinoma	NS	18772397	332	 	 	Cultured Sample	 	 	 	 	 	 	 
Pa16C	1509859	 	 	pancreas	NS	NS	carcinoma	ductal_carcinoma	NS	18772397	332	 	 	Cultured Sample	 	 	 	 	 	 	 
Pa18C	1509860	 	 	pancreas	NS	NS	carcinoma	ductal_carcinoma	NS	18772397	332	 	 	Cultured Sample	 	 	 	 	 	 	 
Pa20C	1509861	 	 	pancreas	NS	NS	carcinoma	ductal_carcinoma	NS	18772397	332	 	 	Cultured Sample	 	 	 	 	 	 	 
Pa21C	1509862	 	 	pancreas	NS	NS	carcinoma	ductal_carcinoma	NS	18772397	332	 	 	Cultured Sample	 	 	 	 	 	 	 
Pa28C	1509863	 	 	pancreas	NS	NS	carcinoma	ductal_carcinoma	NS	18772397	332	 	 	Cultured Sample	 	 	 	 	 	 	 
Pa29C	1509864	 	 	biliary_tract	bile_duct	NS	carcinoma	ductal_carcinoma	NS	18772397	332	 	 	Cultured Sample	 	 	 	 	 	 	 
Pa34X	1509865	 	 	biliary_tract	bile_duct	NS	carcinoma	ductal_carcinoma	NS	18772397	332	 	 	Cultured Sample	 	 	 	 	 	 	 
Pa36X	1509866	 	 	pancreas	NS	NS	carcinoma	ductal_carcinoma	NS	18772397	332	 	 	Cultured Sample	 	 	 	 	 	 	 
Pa37X	1509867	 	 	pancreas	NS	NS	carcinoma	ductal_carcinoma	NS	18772397	332	 	 	Cultured Sample	 	 	 	 	 	 	 
Pa38X	1509868	 	 	pancreas	NS	NS	carcinoma	ductal_carcinoma	NS	18772397	332	 	 	Cultured Sample	 	 	 	 	 	 	 
Pa39X	1509869	 	 	pancreas	NS	NS	carcinoma	ductal_carcinoma	NS	18772397	332	 	 	Cultured Sample	 	 	 	 	 	 	 
Pa41X	1509870	 	 	pancreas	NS	NS	carcinoma	ductal_carcinoma	NS	18772397	332	 	 	Cultured Sample	 	 	 	 	 	 	 
Pa43X	1509871	 	 	pancreas	NS	NS	carcinoma	ductal_carcinoma	NS	18772397	332	 	 	Cultured Sample	 	 	 	 	 	 	 
TCGA-04-1331	1474885	p.G820R	c.2458G>A	ovary	NS	NS	carcinoma	serous_carcinoma	NS	 	331	70717	Confirmed	Tumour Sample	Heterozygous	23	36938862	36938862	23	37028941	37028941
TCGA-13-1483	1474887	p.P298P	c.894T>C	ovary	NS	NS	carcinoma	serous_carcinoma	NS	 	331	81169	Confirmed	Tumour Sample	Heterozygous	23	36937298	36937298	23	37027377	37027377
TCGA-24-2254	1474954	p.D74D	c.222C>T	ovary	NS	NS	carcinoma	serous_carcinoma	NS	 	331	79824	Confirmed	Tumour Sample	Heterozygous	23	36936626	36936626	23	37026705	37026705
